 1.19439e-26
          -0
-6.16629e-35
-1.29474e-05
-3.72276e-06
-7.86876e-12
-1.19439e-13
-1.99886e-07
          -0
          -0
-8.00006e-09
-1.37703e-07
 -1.3684e-13
-1.27753e-05
 2.30012e-06
 3.64382e-12
-5.52925e-13
-5.38875e-08
-4.33486e-12
 1.45999e-06
  1.6852e-10
-3.57453e-07
 1.76027e-12
-1.24922e-05
 1.16816e-06
 2.93059e-12
 -7.4582e-13
-1.17508e-07
 2.40592e-12
-2.09619e-06
 1.52355e-08
 1.58244e-06
 5.74151e-13
-1.24705e-05
-5.00137e-06
-4.59652e-12
-4.35275e-13
-1.43945e-07
  6.9953e-13
 1.83182e-06
  1.5829e-08
 1.39048e-06
-1.39373e-12
-1.27317e-05
  4.5642e-06
 2.50063e-12
-5.10239e-13
 2.67362e-07
-1.44917e-12
 2.28125e-06
-5.08125e-09
-1.08008e-06
-1.17881e-12
-1.30445e-05
   9.656e-07
 -5.3981e-13
-5.99165e-13
 1.57103e-07
 5.59901e-13
-3.38385e-06
-3.91772e-08
-4.15303e-07
-5.91269e-13
-1.34362e-05
-5.19806e-06
-6.87958e-13
-6.12913e-13
-8.63327e-08
-6.97383e-13
 9.49493e-07
 -7.3858e-08
   4.825e-07
 6.48143e-15
 -1.4178e-05
 5.49792e-06
 1.18353e-12
-7.01684e-13
 7.30318e-08
-1.90324e-13
 6.44152e-07
-9.15618e-08
-5.61807e-07
 6.31659e-13
-1.51217e-05
-2.15436e-06
-1.68194e-12
-7.90713e-13
-1.40451e-07
-6.99969e-13
-2.77898e-06
-7.33348e-08
-1.13232e-06
 2.68855e-12
-1.55586e-05
-2.68079e-06
 1.95471e-12
-9.02854e-13
-2.01553e-07
-4.21439e-13
 2.16796e-06
-2.22711e-08
-1.02988e-06
 2.01964e-12
-1.51443e-05
 3.76198e-06
 8.97076e-13
-6.95437e-13
  1.2155e-07
 2.49561e-12
 1.06307e-06
 2.36056e-08
 2.86455e-07
-4.86278e-13
-1.45503e-05
 -1.4258e-06
-2.96614e-12
-4.07821e-13
 9.52064e-08
 3.80544e-13
-1.32651e-06
  2.2727e-08
  6.8471e-09
 1.40994e-12
-1.46418e-05
 1.09573e-06
 1.40728e-12
-4.91128e-13
-1.36316e-07
-1.21361e-12
-9.88715e-07
 -2.1572e-08
-3.54405e-08
-3.66825e-14
-1.52579e-05
-3.34188e-06
 1.70375e-12
-4.15937e-13
-1.04592e-07
 1.96553e-12
 1.30596e-06
 -5.7713e-08
 1.66328e-06
 -2.5035e-12
-1.53558e-05
 2.93843e-06
-4.13595e-12
-2.71215e-13
 1.97914e-07
-5.18306e-13
 1.71909e-06
 -3.9713e-08
-1.18361e-06
 4.93827e-13
-1.42982e-05
 1.14076e-06
 1.14436e-12
-6.80485e-13
 1.25101e-07
 -3.5744e-12
-2.44723e-06
   2.185e-08
-8.69812e-07
 7.00436e-13
-1.26261e-05
-4.55402e-06
 3.44615e-12
-9.26715e-13
-1.59433e-08
 1.11209e-12
 1.03679e-06
 7.02157e-08
 2.41828e-06
 -4.3912e-13
-1.15709e-05
 5.96193e-06
-3.46806e-12
-7.06427e-13
 4.78732e-08
 1.09079e-12
-3.98622e-07
 5.83915e-08
-1.12145e-06
-2.11909e-15
-1.19838e-05
-5.69325e-06
 9.47138e-13
-7.45565e-13
 -5.9445e-08
-1.48217e-12
-6.74561e-07
-1.22138e-08
-1.53577e-06
 6.95536e-13
-1.36829e-05
 2.21718e-06
 9.84072e-13
-8.45003e-13
 1.60346e-07
 4.87786e-13
 2.87247e-06
-1.01294e-07
 1.42476e-06
 1.57813e-12
-1.56754e-05
 4.36877e-06
-2.85131e-12
  -9.378e-13
 6.32651e-08
-1.41575e-12
-3.84327e-06
-1.63858e-07
-2.41725e-07
-5.68149e-13
-1.69352e-05
-7.91505e-06
 2.96255e-12
 -1.2097e-12
-3.44052e-07
-1.30324e-12
  -2.299e-07
 -1.7628e-07
-1.45523e-06
-7.50361e-13
-1.70118e-05
 5.19721e-06
 2.22601e-13
-1.14569e-12
-1.12845e-07
 1.94331e-12
 2.54197e-06
-1.42158e-07
-3.46732e-07
 1.61459e-12
-1.60799e-05
-1.60396e-06
 -9.1252e-13
-8.27303e-13
 2.93526e-08
 1.24057e-12
   -1.12e-06
-8.09212e-08
-2.26214e-07
-3.14272e-13
-1.46164e-05
-8.95166e-07
 7.77967e-13
-5.92919e-13
 5.99066e-08
 1.10327e-12
 1.42554e-06
 -1.1914e-08
 1.21035e-07
-1.85946e-12
-1.30876e-05
 2.65119e-06
-4.63359e-12
-7.64771e-13
 1.66267e-07
-2.82179e-12
-3.61936e-07
 5.05491e-08
 1.08631e-06
 5.30204e-13
-1.18686e-05
-2.61299e-06
 3.95401e-12
-1.39843e-12
 8.99113e-08
-3.51485e-12
-4.01623e-07
 9.32521e-08
-1.22038e-06
  1.4623e-12
-1.12867e-05
 1.95571e-06
   3.161e-12
-1.37736e-12
 7.65427e-08
 3.72559e-12
 2.67938e-07
 1.07631e-07
-1.29442e-06
 1.13272e-12
-1.15178e-05
-1.56368e-06
-7.10303e-12
-1.03311e-12
 9.01951e-08
 -2.8308e-13
-1.31413e-07
 9.95332e-08
 1.13124e-06
 2.55623e-12
-1.24127e-05
 1.98066e-06
 5.07517e-12
-1.29615e-12
 2.15596e-08
-2.34727e-12
-5.54942e-07
 8.68174e-08
-8.63193e-07
 1.64176e-12
 -1.3571e-05
-1.76099e-06
 1.00333e-12
-1.14754e-12
 -1.1182e-07
  3.8333e-12
-7.78851e-07
 8.22649e-08
-3.46684e-07
 1.39423e-13
-1.45632e-05
 -9.9642e-08
-6.58288e-12
-9.47865e-13
-7.84529e-08
-1.83652e-12
 1.11252e-06
 8.27554e-08
 1.56266e-06
 3.11574e-12
-1.49897e-05
 2.56867e-06
 5.94935e-12
-1.37973e-12
-1.06781e-07
-2.48215e-12
 -1.3958e-06
 7.71512e-08
-3.35734e-07
 3.63452e-12
-1.45686e-05
 -5.4504e-06
 2.21971e-13
-1.24921e-12
-9.33469e-08
 3.78739e-12
 1.53015e-06
 6.07795e-08
 -8.4917e-07
 6.68505e-13
-1.34925e-05
 5.28462e-06
-4.37745e-12
-9.13634e-13
  2.2968e-07
-4.31661e-13
 1.70013e-06
 4.04929e-08
  3.5893e-07
 6.75121e-13
-1.25519e-05
-4.41288e-07
 2.69096e-12
-1.17128e-12
  7.7942e-08
 -2.1448e-12
-3.21751e-06
 2.96479e-08
 6.47705e-07
  1.6856e-12
-1.25496e-05
-4.32547e-06
 1.40056e-12
-1.18499e-12
-8.18631e-08
  2.0077e-12
 1.61946e-06
 3.89833e-08
 6.09453e-08
  1.1136e-12
-1.35718e-05
 5.30165e-06
-2.55853e-12
-9.00873e-13
 1.43138e-07
 8.33483e-13
  6.3055e-07
 6.71168e-08
-1.41623e-07
 6.85231e-13
-1.49942e-05
-2.74952e-06
-8.23599e-13
-1.07723e-12
 1.02764e-08
-2.59708e-12
-1.95916e-06
 9.81449e-08
-8.53329e-07
 1.81913e-12
-1.61204e-05
-1.66235e-07
 3.25621e-12
-1.35006e-12
-8.58781e-08
-1.31185e-13
 9.97619e-07
 1.13062e-07
 1.39545e-09
 1.68024e-12
-1.66424e-05
 1.69448e-06
-1.99447e-12
-1.24832e-12
-4.12332e-08
 1.14856e-12
 -5.5117e-07
 1.06152e-07
 9.67075e-07
 6.95915e-13
-1.65756e-05
 -2.4063e-06
-1.41566e-12
-1.36418e-12
-7.93986e-08
-2.30711e-12
 1.69516e-07
 8.68047e-08
-1.62169e-06
  1.9686e-12
-1.60109e-05
 2.06593e-06
 2.75114e-12
-1.69037e-12
-1.09463e-08
-9.54873e-13
 5.15008e-07
  6.6723e-08
-5.65468e-07
 1.18336e-12
-1.50427e-05
-4.33523e-07
 7.62894e-13
-1.52545e-12
-7.32991e-08
 2.60415e-12
-1.13854e-06
 5.28588e-08
 1.33319e-06
-9.00584e-13
-1.38954e-05
 -1.3883e-06
-1.19343e-12
-1.04818e-12
-1.16578e-07
 2.16856e-12
 7.05743e-07
 5.00604e-08
-1.45905e-07
 3.67601e-13
-1.30788e-05
 1.22189e-06
-3.61552e-12
-1.10114e-12
 4.14517e-08
-2.69821e-12
 8.74559e-07
 5.78112e-08
 5.65758e-07
 2.56275e-12
-1.32648e-05
 -1.1262e-07
 3.50056e-12
-1.65252e-12
 1.04107e-07
 -2.8156e-12
-2.48007e-07
 6.19819e-08
 7.32264e-07
 3.17228e-12
-1.46819e-05
-3.09772e-09
 1.70114e-12
-1.68947e-12
 6.62119e-08
 2.44616e-12
-1.30942e-07
 4.30429e-08
-4.05679e-07
 1.96492e-12
-1.65325e-05
 1.68046e-07
-2.94422e-12
-1.32586e-12
 2.33468e-08
 1.18988e-12
-2.97709e-07
 -1.4977e-13
-1.11502e-12
 2.09478e-16
-1.73923e-05
-4.62646e-07
 1.76791e-12
-1.20687e-12
 -6.4241e-09
          -0
          -0