           0
           0
           0
           0
           0
 3.24968e-09
 1.10556e-07
 1.54755e-13
-8.29388e-23
 2.93944e-17
 8.55425e-09
  2.0419e-07
 5.42968e-13
-9.84498e-28
 1.08675e-20
  3.6447e-09
 2.58812e-07
-8.66971e-13
 1.18464e-22
-7.02965e-17
 8.46687e-09
  1.3738e-07
 1.04008e-12
 1.61559e-27
-4.86611e-19
-4.82777e-09
-6.90304e-07
-1.31963e-12
 -3.4515e-23
 7.63048e-17
 8.39275e-09
 2.18647e-07
 9.57429e-13
-1.26218e-27
 8.60652e-19
-1.09907e-08
-1.53985e-06
 4.77649e-13
-4.44679e-23
 7.78843e-18
 8.41503e-09
-1.00289e-07
 7.70444e-13
-7.57306e-28
 9.90102e-20
-4.70745e-09
-1.90954e-07
 1.38756e-12
 2.34917e-23
-1.11038e-16
 8.52049e-09
-3.52192e-07
 8.93804e-13
 7.32063e-28
-1.48029e-19
 1.25945e-08
 7.66454e-07
 9.58425e-13
-3.07137e-23
  8.8756e-17
  8.7028e-09
-5.44168e-08
 9.75019e-13
 9.59255e-28
-3.86836e-19
 3.32039e-08
 1.84003e-08
 3.30287e-13
 7.57405e-24
-1.16784e-17
  9.0789e-09
 1.43219e-08
 1.05754e-12
 7.06819e-28
  2.6322e-19
  4.9161e-08
-3.31139e-09
-3.51219e-13
-1.58924e-23
-7.08789e-17
 9.70936e-09
  5.0167e-08
 1.20066e-12
-1.11072e-27
-1.38076e-19
 5.10309e-08
  9.1089e-07
 -1.7764e-12
-2.90248e-24
 1.17119e-16
  1.0314e-08
  2.7341e-07
 1.35698e-12
 1.21169e-27
-4.04326e-19
 3.22539e-08
  1.2203e-06
-2.57002e-12
 6.03669e-23
-2.70594e-17
 1.04529e-08
 6.49074e-08
 1.29096e-12
-1.51461e-27
 4.00104e-19
 1.93928e-09
 3.80029e-07
-8.67151e-13
 -3.7592e-23
-5.49545e-17
 1.00955e-08
-1.69432e-07
 8.99211e-13
-1.51461e-28
-2.02977e-19
-1.51909e-08
-1.65062e-07
-4.77379e-13
-4.66824e-23
 9.03009e-18
 9.74067e-09
 3.20018e-08
 7.16852e-13
 3.02923e-28
 2.56279e-19
-2.82214e-09
-5.96477e-11
-7.48078e-13
 7.10417e-23
 4.57884e-17
 9.80337e-09
 1.93954e-07
 7.36696e-13
-1.51461e-27
-3.61223e-19
 2.49755e-08
-8.35885e-07
 1.34225e-12
-5.34991e-23
 1.81128e-17
 1.00744e-08
 -6.8384e-08
 5.63519e-13
-1.51461e-28
 2.23286e-19
 3.53937e-08
-2.71854e-07
 1.13664e-12
-8.99617e-23
-1.00488e-16
 9.97042e-09
-2.71621e-07
 7.54713e-13
 1.51461e-28
 2.18662e-19
 1.24021e-08
 1.07976e-06
-6.22028e-13
 9.34142e-23
 6.09927e-17
 9.23345e-09
-8.66823e-08
 1.29384e-12
 3.02923e-27
-4.20552e-19
-2.52409e-08
-7.92349e-07
-1.84147e-13
 6.43867e-24
-5.06814e-18
 8.27028e-09
-1.25637e-08
 1.32001e-12
-1.26218e-27
 2.07126e-21
-4.28061e-08
-7.55894e-07
 2.58544e-13
-4.74372e-23
-1.50249e-17
 7.81509e-09
-4.84346e-09
 1.16767e-12
-1.31266e-27
-1.49204e-19
-2.15724e-08
 1.48456e-06
-3.69644e-13
 3.29279e-23
 6.17504e-17
 8.28499e-09
-8.29045e-08
  1.2781e-12
 1.06023e-27
 5.40407e-19
 2.83542e-08
  6.2863e-08
-1.24187e-12
-7.00213e-23
-1.42279e-16
 9.44344e-09
-1.68219e-07
 1.43203e-12
 2.01948e-28
 -7.6683e-20
  7.9812e-08
-7.15042e-07
-5.08292e-13
 4.65186e-24
 9.40693e-17
 1.06352e-08
 2.19392e-07
 1.73763e-12
 9.08768e-28
 2.01485e-19
 1.08545e-07
 9.85645e-07
 6.97957e-13
 7.63519e-23
 6.86887e-17
 1.12818e-08
 3.62987e-07
 1.89698e-12
-1.46413e-27
 -1.9491e-19
 1.05632e-07
 9.57465e-07
-4.92983e-13
-3.06695e-23
-9.53109e-17
 1.11824e-08
 7.16495e-08
 1.57878e-12
-1.91851e-27
-1.90463e-19
 7.72344e-08
  3.1478e-07
-7.12073e-13
-2.87588e-24
 6.16641e-17
 1.04913e-08
-7.13618e-08
 1.15087e-12
 2.92825e-27
 1.46841e-19
 3.58153e-08
 7.72833e-08
 1.16475e-12
-7.81442e-23
-3.70679e-17
 9.52367e-09
-1.80637e-07
 1.09888e-12
-2.77679e-27
-3.92429e-19
-7.49178e-09
-6.79411e-07
 7.89599e-13
-2.45845e-23
-1.66831e-18
 8.58016e-09
  -2.023e-07
 1.73124e-12
 2.92825e-27
-7.73844e-20
-4.36876e-08
 9.00363e-08
-1.08375e-12
 1.28023e-22
 1.17951e-17
 7.89992e-09
-1.43167e-07
 2.22985e-12
 1.51461e-27
   3.742e-19
 -6.5203e-08
 1.34865e-06
-1.46596e-12
-6.70273e-23
-9.10026e-18
 7.66949e-09
 -1.3445e-07
 1.94075e-12
-3.43312e-27
-5.85909e-20
-6.98685e-08
 9.88235e-08
-1.93618e-12
-3.22072e-23
 -1.7863e-18
 7.95554e-09
-8.02068e-08
 1.86818e-12
-1.00974e-27
-1.10816e-19
-6.42681e-08
-1.67158e-07
-2.29869e-12
 1.14643e-22
 -1.0439e-17
 8.62249e-09
  6.4624e-08
 1.96942e-12
 4.74579e-27
-1.28461e-19
-5.80803e-08
 6.63649e-07
-1.00622e-12
-1.21583e-22
 4.27791e-17
 9.37295e-09
 1.55111e-07
 1.69144e-12
-2.42338e-27
 4.61881e-19
 -5.4513e-08
 -6.4914e-07
 -1.6912e-12
-1.96241e-23
-5.26843e-17
  9.8666e-09
 1.56612e-07
 1.86007e-12
 1.71656e-27
-5.29786e-19
-4.94836e-08
-6.95958e-07
-3.68582e-12
 1.36676e-22
  5.4837e-17
 9.84408e-09
 1.53346e-07
 2.11206e-12
-6.05845e-28
 4.46592e-19
-3.98333e-08
 7.00477e-07
-2.36707e-12
 -8.4313e-23
 1.66459e-17
 9.30133e-09
-1.11666e-07
 1.75101e-12
-2.01948e-27
-2.95495e-19
-2.86451e-08
 2.35409e-07
-6.88567e-13
-5.68771e-23
-1.00474e-16
 8.61253e-09
-2.42507e-07
 1.67627e-12
-1.71656e-27
 2.08622e-19
-2.24358e-08
-5.68502e-07
-1.28439e-12
 6.28458e-23
 9.25134e-17
 8.33549e-09
 4.30104e-09
 1.89025e-12
 5.04871e-27
 3.94664e-19
-2.60487e-08
-3.34885e-07
-1.54632e-12
-3.07255e-23
-3.06498e-17
 8.75655e-09
-5.15941e-08
 1.67903e-12
-2.62533e-27
-2.66365e-19
-3.96377e-08
 5.54051e-09
-9.60353e-13
-7.51101e-23
-4.39089e-17
 9.64791e-09
-1.24126e-07
 1.59166e-12
 1.00974e-27
 8.69731e-20
-5.73908e-08
 5.44841e-07
-1.32846e-12
   5.359e-23
 6.61577e-17
 1.05101e-08
 5.79099e-08
 1.94625e-12
 4.44286e-27
  1.0396e-19
 -6.9678e-08
 4.70919e-07
-1.92135e-12
 2.65679e-23
 -4.1908e-17
 1.09958e-08
 1.05569e-07
 2.08865e-12
-2.01948e-27
-3.27477e-19
-6.98828e-08
-5.42525e-07
-1.28156e-12
-8.10055e-23
 2.65588e-17
 1.10605e-08
 1.00793e-07
 2.10316e-12
-1.61559e-27
 1.07406e-19
-5.94879e-08
 3.75279e-07
-1.41385e-12
 2.50155e-23
-3.96385e-20
 1.07998e-08
 6.22353e-08
 2.44908e-12
-6.05845e-28
  3.6429e-19
-4.52554e-08
 1.17217e-06
-1.72239e-12
 8.24576e-23
-3.64532e-17
 1.02852e-08
 7.19026e-08
 2.58664e-12
 2.01948e-27
-1.40674e-19
-3.36733e-08
-4.21334e-07
-1.80476e-13
-7.05748e-24
 4.39983e-17
 9.60398e-09
  1.6012e-07
 2.07572e-12
-5.25066e-27
-3.22168e-19
-2.96662e-08
-6.26498e-07
 2.80538e-13
-1.01779e-22
-3.08728e-18
 8.99278e-09
 5.44324e-08
 1.72127e-12
 3.43312e-27
-3.05845e-19
-3.52664e-08
-2.30393e-07
 -1.5389e-12
-7.22243e-25
  -1.571e-17
 8.82449e-09
-1.14053e-07
 2.20274e-12
-1.21169e-27
 5.43213e-19
-4.40045e-08
-7.04036e-07
-3.11232e-12
  1.0694e-22
-1.07208e-18
 9.34523e-09
-1.36109e-07
 2.68133e-12
-2.42338e-27
 7.19449e-20
-4.10101e-08
-1.77748e-07
-2.81444e-12
-3.35685e-23
-3.38008e-18
 1.03436e-08
 -7.6466e-08
 2.42605e-12
 4.84676e-27
-6.59825e-19
 -1.7213e-08
 2.16143e-07
-1.05046e-12
-2.76363e-23
 8.07657e-18
 1.11519e-08
-1.19654e-08
 2.04136e-12
-2.22143e-27
 4.66578e-19
           0
-8.27181e-22
           0
           0
           0