 5.16295e-22
          -0
       1e-13
     20.3805
 8.23294e-07
-4.07176e-10
-5.16295e-09
      1.5708
           0
           0
-3.22165e-06
-7.68203e-05
 2.03441e-10
     20.1385
 2.07731e-05
  1.7388e-11
-5.20294e-09
      1.5708
-3.99832e-10
-2.21462e-05
-6.38283e-06
 -0.00012866
 5.96714e-10
     19.8965
-4.99328e-05
-5.01461e-11
-5.28626e-09
      1.5708
-4.33408e-10
 7.74009e-06
  -9.507e-06
-0.000207454
 9.53729e-10
     19.6545
 -6.7836e-05
 1.01071e-10
-5.36773e-09
     1.57081
-3.81234e-10
 0.000128448
-1.26657e-05
-0.000170183
 1.23936e-09
     19.4125
 9.19478e-05
 4.40178e-11
 -5.4291e-09
     1.57084
-2.32557e-10
 0.000103766
-1.58974e-05
-4.21601e-05
 1.57492e-09
     19.1705
   5.741e-05
-3.27867e-11
-5.47446e-09
     1.57084
 -2.2104e-10
-4.92362e-05
-1.92171e-05
-2.07039e-05
 1.94151e-09
     18.9285
-6.48529e-05
-3.58982e-11
-5.52571e-09
     1.57083
-2.91377e-10
-4.16331e-05
-2.26786e-05
-2.45737e-05
  2.3391e-09
     18.6865
 8.12811e-06
 -2.9356e-11
-5.59066e-09
     1.57083
-3.58182e-10
 1.64502e-05
-2.63492e-05
-4.50765e-05
 2.79038e-09
     18.4444
 5.35906e-05
-8.90244e-11
-5.67441e-09
     1.57083
-4.79329e-10
-4.67084e-05
-3.01863e-05
-0.000148629
 3.30268e-09
     18.2024
 1.64627e-05
 -6.2657e-11
 -5.7858e-09
     1.57081
-6.34524e-10
-0.000118388
 -3.4019e-05
-0.000172757
 3.78571e-09
     17.9604
 -4.6428e-05
 1.13192e-10
-5.90754e-09
     1.57079
-5.82862e-10
-8.77484e-05
 -3.7726e-05
 -0.00010703
 4.11872e-09
     17.7184
-3.42198e-05
 2.99748e-12
-6.01223e-09
     1.57078
-4.64038e-10
-5.28248e-06
-4.13785e-05
-0.000119501
 4.39069e-09
     17.4764
  2.6462e-05
-4.59141e-11
-6.10942e-09
     1.57078
-5.07901e-10
 2.65703e-06
-4.51294e-05
-0.000192295
 4.66457e-09
     17.2344
-7.09603e-05
 1.47426e-10
-6.20063e-09
     1.57079
-4.04195e-10
 4.81152e-05
-4.89719e-05
-0.000163862
 4.87177e-09
     16.9924
 3.74234e-05
-2.92633e-11
 -6.2694e-09
      1.5708
-2.83454e-10
  8.2393e-05
-5.26839e-05
-6.66737e-05
 5.15976e-09
     16.7504
 0.000110226
-1.28285e-10
-6.34217e-09
      1.5708
-4.44341e-10
-6.83886e-05
-5.60433e-05
-3.37106e-05
 5.64534e-09
     16.5084
-0.000152483
 4.16932e-11
-6.43989e-09
     1.57079
-5.32776e-10
-2.52854e-05
-5.90619e-05
 -2.3495e-05
 6.13845e-09
     16.2664
 8.98856e-06
 1.76331e-11
-6.54039e-09
      1.5708
 -4.7222e-10
 0.000121201
-6.20094e-05
-2.75473e-05
 6.57703e-09
     16.0244
 0.000164282
-4.67502e-11
 -6.6378e-09
     1.57081
 -5.0192e-10
-5.55761e-05
-6.52323e-05
 2.76535e-06
 7.05752e-09
     15.7824
 -0.00011175
-7.15165e-11
-6.75025e-09
     1.57079
-6.22556e-10
-0.000109205
-6.89223e-05
 7.08904e-05
 7.59599e-09
     15.5404
-5.03517e-05
 3.59939e-11
-6.87838e-09
     1.57079
-6.58797e-10
 5.61088e-05
-7.30165e-05
-1.42264e-05
 8.24403e-09
     15.2984
 0.000119393
 8.85763e-11
-6.99744e-09
     1.57079
-5.31812e-10
-1.42498e-05
 -7.7268e-05
-0.000152379
 8.95513e-09
     15.0563
-1.29005e-06
-1.06704e-10
-7.10565e-09
     1.57078
-5.50256e-10
-0.000134632
-8.14024e-05
-0.000177347
  9.5511e-09
     14.8143
 -4.7368e-05
-3.27675e-11
-7.22991e-09
     1.57075
-6.92366e-10
 -8.5065e-05
-8.52332e-05
-0.000150454
 9.97949e-09
     14.5723
-8.53742e-06
 1.39267e-10
-7.35754e-09
     1.57074
-5.83919e-10
-2.81177e-05
-8.86891e-05
-8.20776e-05
  1.0389e-08
     14.3303
-5.81354e-05
-4.50423e-11
-7.46473e-09
     1.57074
-4.87949e-10
 3.97625e-05
 -9.1802e-05
-4.63904e-06
 1.10422e-08
     14.0883
 5.14928e-05
-1.44694e-10
-7.58163e-09
     1.57075
 -6.8107e-10
 4.65409e-05
-9.46924e-05
 4.52139e-05
   1.188e-08
     13.8463
 0.000106545
-2.52902e-11
-7.73514e-09
     1.57075
-8.54066e-10
-0.000114272
-9.75446e-05
 9.55122e-05
 1.26072e-08
     13.6043
-0.000106583
  -6.289e-11
-7.91493e-09
     1.57072
-9.43766e-10
-0.000114266
-0.000100542
 0.000129614
 1.33101e-08
     13.3623
-1.45235e-05
-4.42959e-11
-8.11458e-09
     1.57071
-1.05278e-09
 8.91304e-06
-0.000103797
  0.00010209
 1.40472e-08
     13.1204
 7.35331e-05
 9.47108e-11
-8.32001e-09
     1.57071
-1.00154e-09
-5.10681e-05
 -0.00010732
 4.47322e-05
  1.4679e-08
     12.8784
-0.000112141
-8.13291e-11
-8.51896e-09
      1.5707
-9.87914e-10
-1.18557e-05
-0.000111021
-1.07622e-05
 1.53815e-08
     12.6364
-1.50011e-07
-1.80838e-10
-8.74318e-09
     1.57071
-1.25428e-09
 0.000102258
-0.000114724
-7.14602e-05
 1.61745e-08
     12.3944
 0.000109337
 8.74078e-11
-9.00353e-09
     1.57072
-1.34923e-09
-8.63388e-06
-0.000118239
-3.04607e-05
 1.68261e-08
     12.1524
-3.25288e-05
 1.06965e-10
-9.25364e-09
     1.57071
-1.15185e-09
-8.66516e-05
-0.000121501
 6.25589e-05
 1.74548e-08
     11.9104
-6.79229e-05
-7.59466e-11
-9.48085e-09
      1.5707
-1.12033e-09
 1.53175e-05
-0.000124642
 6.13579e-05
 1.81654e-08
     11.6685
 1.37864e-05
-4.50832e-11
 -9.7172e-09
     1.57071
-1.24316e-09
 7.02705e-05
-0.000127908
 7.97601e-05
 1.87941e-08
     11.4265
 3.57591e-05
 2.00992e-11
-9.96837e-09
     1.57072
-1.26852e-09
 2.00076e-05
 -0.00013148
 0.000125985
 1.93902e-08
     11.1845
 4.29579e-05
-6.32862e-11
-1.02265e-08
     1.57072
-1.31231e-09
-5.98294e-05
-0.000135372
 0.000103041
  2.0122e-08
     10.9425
-4.46167e-06
-7.74636e-11
-1.05032e-08
      1.5707
-1.45502e-09
-9.88693e-05
-0.000139473
 6.49129e-05
 2.09051e-08
     10.7005
-8.91903e-05
 2.43903e-11
-1.07996e-08
     1.57069
-1.50883e-09
 -3.9538e-06
-0.000143633
 2.87037e-05
 2.16921e-08
     10.4585
 8.11776e-05
-4.87179e-11
-1.11038e-08
     1.57069
-1.53347e-09
 4.19167e-06
-0.000147717
 1.04895e-06
 2.26127e-08
     10.2166
 7.92426e-05
-6.20998e-11
-1.14217e-08
     1.57068
-1.64573e-09
-0.000158317
-0.000151607
-2.41407e-05
 2.35815e-08
     9.97459
-0.000148535
 1.04312e-10
-1.17466e-08
     1.57065
-1.60301e-09
 -8.8179e-05
-0.000155233
-8.10412e-05
 2.43564e-08
      9.7326
-2.22544e-05
-1.76118e-12
-1.20568e-08
     1.57065
-1.49917e-09
 8.47488e-05
 -0.00015861
-0.000103909
 2.50041e-08
     9.49062
  3.7269e-05
-2.25913e-10
-1.23797e-08
     1.57067
-1.72956e-09
 6.95616e-05
-0.000161905
-5.99469e-05
 2.58338e-08
     9.24863
-4.65585e-05
-1.98971e-10
-1.27686e-08
     1.57068
-2.15947e-09
 7.89479e-05
-0.000165401
-8.63021e-06
 2.68404e-08
     9.00664
 5.04628e-05
-2.30481e-11
-1.32229e-08
      1.5707
-2.38406e-09
 7.50135e-05
-0.000169312
 1.81529e-05
 2.77482e-08
     8.76466
 3.86219e-05
  1.9221e-10
-1.36827e-08
      1.5707
-2.21304e-09
-1.50697e-05
-0.000173569
 2.33137e-05
 2.85105e-08
     8.52266
-5.35433e-05
 1.99728e-09
 -1.3904e-08
      1.5707
           0
           0